FAULT0:1,0,14,17,0,-1
FAULT1:1,1,12,2,0,-1
FAULT2:1,0,3,18,0,-1
FAULT3:1,1,4,25,0,-1
FAULT4:1,0,3,1,0,-1
FAULT5:1,1,6,22,0,-1
FAULT6:0,0,2,13,0,-1
FAULT7:0,1,5,21,0,-1
FAULT8:0,0,5,29,0,-1
FAULT9:0,1,14,14,0,-1
FAULT10:0,0,15,26,0,-1
FAULT11:0,1,24,20,0,-1
FAULT12:0,0,16,15,0,-1
FAULT13:1,1,7,31,0,-1
FAULT14:1,0,18,26,0,-1
FAULT15:1,1,30,29,0,-1
FAULT16:1,0,27,22,0,-1
FAULT17:1,1,3,19,0,-1
FAULT18:0,0,8,7,0,-1
FAULT19:1,1,11,27,0,-1
FAULT20:1,0,5,16,0,-1
FAULT21:0,1,29,7,0,-1
FAULT22:0,0,13,25,0,-1
FAULT23:1,1,8,12,0,-1
FAULT24:1,0,13,22,0,-1
FAULT25:1,1,21,26,0,-1
FAULT26:1,0,14,27,0,-1
FAULT27:1,1,26,1,0,-1
FAULT28:0,0,6,9,0,-1
FAULT29:1,1,0,2,0,-1
FAULT30:1,0,9,3,0,-1
FAULT31:0,1,19,30,0,-1
FAULT32:1,0,23,26,0,-1
FAULT33:1,1,13,12,0,-1
FAULT34:0,0,24,19,0,-1
FAULT35:1,1,28,31,0,-1
FAULT36:0,0,2,30,0,-1
FAULT37:0,1,14,9,0,-1
FAULT38:0,0,2,21,0,-1
FAULT39:1,1,13,19,0,-1
FAULT40:1,0,11,3,0,-1
FAULT41:0,1,23,20,0,-1
FAULT42:0,0,9,0,0,-1
FAULT43:0,1,23,17,0,-1
FAULT44:1,0,20,2,0,-1
FAULT45:0,1,5,22,0,-1
FAULT46:0,0,20,6,0,-1
FAULT47:1,1,24,19,0,-1
FAULT48:1,0,11,14,0,-1
FAULT49:0,1,13,17,0,-1
FAULT50:1,0,25,18,0,-1
FAULT51:0,1,6,21,0,-1
FAULT52:1,0,5,30,0,-1
FAULT53:0,1,17,20,0,-1
FAULT54:1,0,5,20,0,-1
FAULT55:0,1,29,2,0,-1
FAULT56:1,0,11,31,0,-1
FAULT57:1,1,16,26,0,-1
FAULT58:0,0,21,22,0,-1
FAULT59:1,1,15,28,0,-1
FAULT60:0,0,10,4,0,-1
FAULT61:1,1,25,18,0,-1
FAULT62:0,0,17,16,0,-1
FAULT63:0,1,10,17,0,-1
